GATE_SI_LF: 1157.336,1114.925,941.226,1049.065,1,0
GATE_LF_SB: -2431.664,248.9251,-1921.775,334.0661,1,0
GATE_LF_SU: 1458.339,-550.0754,1308.225,-462.9339,1,0
GATE_OF_LF: -2370.109,103.0909,-2048.073,98.18188,0,0
LF_S04: -2369.028,148.6294,-1878.229,225.248,1,0
LF_C05: 1293.726,980.1472,1056.992,871.8678,1,1
LF_A07: 1293.238,756.3909,1055.039,746.3673,1,1
LF_F02: 1243.238,482.3914,960.0396,430.3671,1,1
LF_A04: 1045.235,269.3914,889.0396,303.3671,1,1
LF_S02: 1367.238,207.3913,1016.04,287.3671,1,0
LF_A06: 1434.238,259.3913,1147.037,299.3671,1,1
LF_E04: 638.2351,372.3911,188.039,402.3671,1,1
LF_A03: 217.2349,262.3913,73.03922,285.3671,1,1
LF_H01: -432.7651,373.3914,-785.9604,406.3671,1,1
LF_A15: -514.2505,289.1458,-458.6726,276.1149,1,1
LF_S06: -513.2193,184.5312,-458.3825,149.511,1,0
LF_A05: -1073.762,265.3918,-860.9604,182.3672,1,1
LF_J01: -1508.762,319.3914,-1408.963,329.3671,1,1
LF_C03: -2122.762,246.3912,-1795.963,326.3671,1,1
LF_D03: 1646.238,280.3914,1387.037,130.3672,1,1
LF_E02: 929.2348,205.3913,842.0396,158.3672,0,1
LF_E03: 153.2349,205.3913,198.0392,169.3674,0,1
LF_A10: -314.7654,206.3913,-50.96093,262.3671,0,1
LF_D02: -579.7652,141.3913,-338.9609,53.36696,2,1
LF_D06: -807.7638,-169.6087,-549.9604,-239.6328,2,1
LF_S01: -862.7632,30.39146,-669.9604,28.3671,2,0
LF_E01: -8.764938,76.39125,-26.96081,-51.63261,2,1
LF_D01: 712.2348,74.39125,625.0399,-46.63295,2,1
LF_B02: 1121.237,10.39135,1309.037,-127.6328,2,1
LF_S07: 1284.925,-51.30544,1424.943,-108.0602,2,0
LF_A17: 940.4682,-40.86456,1191.678,-100.7388,2,1
LF_C01: 1193.238,-451.6086,937.0396,-299.6329,0,1
LF_B03: 800.2348,-450.6086,674.0396,-300.6329,0,1
LF_B05: 870.2348,-515.6085,770.1393,-505.1077,1,1
LF_D04: 1084.236,-630.6086,933.0396,-587.6327,1,1
LF_A14: 1312.238,-567.6086,1191.037,-473.6329,1,0
LF_S05: 1303.497,-641.11,1196.901,-594.0127,1,0
LF_A11: 763.2348,-683.6086,763.0396,-632.6327,1,1
LF_A13: 639.2351,-552.6086,634.0396,-483.6329,1,1
LF_A12: 582.2346,-666.6083,570.0395,-615.6327,1,1
LF_B01: 449.2347,-358.6082,298.0392,-606.6327,1,1
LF_D07: 12.10356,-422.9485,-216.293,-601.7992,1,1
LF_C02: 425.2346,-447.6089,303.039,-295.6329,0,1
LF_A02: 96.23492,-447.6086,181.039,-291.6331,0,1
LF_H02: -255.7653,-401.6086,-301.9604,-304.6329,0,1
LF_A01: -669.7652,-331.6086,-435.9609,-237.6328,0,1
LF_E05: -1114.765,-331.6086,-1104.963,-215.6328,0,1
LF_B04: -1636.762,-324.6086,-1338.963,-214.6328,1,1
LF_D08: -1483.993,-153.1466,-1248.015,-39.82683,1,1
LF_S03: -1807.762,-347.6086,-1459.963,-229.6328,1,0
LF_COAST01: -299.5964,95.8344,-57.09653,127.8596,0,1
LF_COAST02: -562.1059,59.89332,-698.2728,159.5852,0,1
LF_COAST03: -1356.336,105.1817,-1698.812,170.0274,0,1
LF_COAST04: -2132.054,94.27615,-1930.925,94.36699,0,0
OffScreenDen_LF: -237.7654,1069.391,-318.9604,310.3671,1,1
Connection: GATE_SI_LF,LF_C05,45,9,6,97,0,2
Connection: GATE_LF_SB,LF_C03,45,11,4,15,0,2
Connection: GATE_LF_SB,LF_S04,36,5,15,20,3,2
Connection: GATE_LF_SU,LF_A14,2,9,44,15,2,0
Connection: GATE_OF_LF,LF_COAST04,45,12,6,14,0,2
Connection: LF_C05,LF_A07,23,8,23,30,3,1
Connection: LF_A07,LF_F02,9,2,57,95,3,3
Connection: LF_F02,LF_A04,8,11,42,30,3,1
Connection: LF_F02,LF_A06,99,11,5,29,3,1
Connection: LF_A04,LF_E04,5,30,254,5,1,3
Connection: LF_S02,LF_A06,22,14,5,3,0,3
Connection: LF_A06,LF_D03,42,27,2,51,1,2
Connection: LF_E04,LF_A03,17,3,44,32,3,1
Connection: LF_A03,LF_H01,3,30,410,10,1,3
Connection: LF_H01,LF_A05,21,3,43,29,3,1
Connection: LF_H01,LF_A15,194,6,30,27,3,1
Connection: LF_A15,LF_S06,7,7,7,23,3,1
Connection: LF_A05,LF_J01,3,28,253,43,1,3
Connection: LF_A05,LF_D08,9,3,199,31,2,1
Connection: LF_J01,LF_C03,18,8,141,11,3,3
Connection: LF_D03,LF_E02,10,4,221,1,3,3
Connection: LF_E02,LF_E03,8,8,241,1,3,0
Connection: LF_E03,LF_A10,7,7,40,1,3,0
Connection: LF_A10,LF_COAST01,14,15,9,30,3,1
Connection: LF_A10,LF_D02,6,1,97,49,2,3
Connection: LF_D02,LF_D06,7,1,42,141,2,0
Connection: LF_D02,LF_E01,98,6,14,7,3,3
Connection: LF_D06,LF_S01,8,143,22,18,1,0
Connection: LF_D06,LF_A01,42,12,7,10,3,2
Connection: LF_E01,LF_D01,239,2,15,2,3,3
Connection: LF_D01,LF_B02,197,7,8,45,3,3
Connection: LF_B02,LF_S07,45,20,24,19,0,2
Connection: LF_B02,LF_A17,2,16,48,11,2,0
Connection: LF_B02,LF_C01,18,4,152,15,3,3
Connection: LF_C01,LF_B03,4,21,97,21,2,0
Connection: LF_B03,LF_C02,3,21,150,20,2,0
Connection: LF_B03,LF_B05,46,5,5,48,0,2
Connection: LF_B05,LF_D04,39,13,3,51,0,3
Connection: LF_D04,LF_A14,100,55,5,12,3,3
Connection: LF_D04,LF_A11,6,12,43,15,2,0
Connection: LF_A14,LF_S05,11,12,14,26,3,1
Connection: LF_A11,LF_A13,2,29,43,6,1,3
Connection: LF_A11,LF_A12,5,13,42,5,2,0
Connection: LF_A13,LF_C02,2,31,126,5,1,0
Connection: LF_A13,LF_A12,7,6,26,30,3,1
Connection: LF_A12,LF_B01,5,29,44,58,1,3
Connection: LF_B01,LF_D07,18,54,189,20,3,3
Connection: LF_C02,LF_A02,4,20,45,19,2,0
Connection: LF_A02,LF_H02,4,6,203,12,2,0
Connection: LF_H02,LF_A01,19,51,50,10,2,0
Connection: LF_A01,LF_E05,4,26,253,25,2,0
Connection: LF_E05,LF_B04,15,10,96,8,2,0
Connection: LF_B04,LF_D08,4,32,3,6,2,2
Connection: LF_B04,LF_S03,4,10,24,18,2,0
Connection: LF_COAST01,LF_COAST02,14,9,96,19,2,0
Connection: LF_COAST02,LF_COAST03,3,18,390,7,2,0
Connection: LF_COAST03,LF_COAST04,5,9,94,12,3,0
