GATE_SB_SL: -1829.421,-207.1474,-1560.205,-738.9411,0,0
GATE_SH_SL: 377.9495,419.9922,571.887,1108.965,2,0
GATE_GW_SL: -2600.026,278.5399,-1837.66,245.633,1,0
SL_S02: 446.512,331.2932,610.5405,1013.945,2,0
SL_A08: -2510.877,166.6037,-1777.6,116.1572,1,0
SL_S07: -2627.919,166.6031,-1826.356,-17.53999,1,0
SL_C12: -2201.426,160.0748,-1666.567,111.9828,1,0
SL_B02: 260.1242,169.6037,422.3994,916.1572,2,1
SL_C11: 541.2416,280.247,710.4854,923.0719,2,1
SL_A14: 188.0003,53.86004,434.3355,766.3215,2,1
SL_E03: 751.9666,53.33677,448.6206,-111.2751,2,1
SL_A02: 2.123565,166.6037,231.3996,913.1572,2,1
SL_A17: -0.8371151,53.28317,231.9065,766.6177,2,1
SL_C01: -181.8762,149.6037,22.40023,815.1572,2,1
SL_A13: -126.1277,-67.39636,-26.22842,-27.13983,1,1
SL_B01: -382.876,247.6035,-181.5997,862.1572,2,1
SL_F01: -1654.876,98.60406,-1348.6,30.15689,1,1
SL_C02: -1207.876,162.6037,-945.5997,536.1572,0,1
SL_C10: -1111.875,-230.3961,-819.5997,-247.8428,2,1
SL_A10: -806.8759,-327.3965,-685.5997,-223.843,2,1
SL_F02: -629.8765,96.60364,-534.5995,462.157,0,1
SL_S05: -634.8004,131.2513,-423.9803,317.571,0,0
SL_D06: -843.8759,161.6037,-722.5995,923.1572,2,1
SL_D04: -209.8764,99.60388,-171.5996,466.157,0,1
SL_A12: -226.654,-68.39647,-116.044,-153.4821,1,1
SL_H02: 604.1235,99.60398,161.4004,482.157,0,1
SL_H03: 1565.124,159.6037,795.3994,19.15694,0,1
SL_C09: 2463.123,163.6037,1736.4,28.15686,0,2
SL_A16: 2622.884,277.7318,1946.766,109.2244,0,2
SL_S10: 2507.62,277.213,1830.048,107.0037,0,0
SL_I01: 2937.123,258.6035,2068.402,7.156951,0,2
SL_A15: 3240.513,265.2929,2408.54,93.9459,0,0
SL_S06: 3237.573,371.075,2406.432,206.9827,0,0
SL_AI: 3466.645,184.6707,2526.384,41.96802,0,2
SL_C08: -1404.876,-224.3961,-1039.599,-435.843,1,1
SL_C05: -1074.876,-325.3965,-886.5997,-416.843,1,1
SL_S09: -792.701,-325.3798,-589.7563,-553.517,1,0
SL_C04: -664.8765,-217.3963,-529.5995,-430.843,1,1
SL_D01: -555.8765,94.60364,-500.5995,22.15689,1,1
SL_D02: -458.8763,-271.3961,-371.5995,-511.8435,1,1
SL_D03: -201.8762,-371.3965,-158.5998,-487.8431,1,1
SL_A07: -38.8759,-258.3965,90.40024,-404.843,1,1
SL_A04: -162.8763,-185.3963,-66.59948,-280.843,1,1
SL_S03: -222.8005,-108.7487,-231.9804,-224.429,2,0
SL_E01: 98.12372,-194.396,198.4004,-492.8431,1,1
SL_B04: 102.1236,398.6035,289.4005,-5.843066,0,1
SL_C03: 102.7736,35.07853,107.4002,-2.843008,0,1
SL_A11: -25.65443,-99.39631,72.95561,-190.4821,1,1
SL_A05: 266.1236,-288.3965,321.4005,-385.843,1,1
SL_E02: 787.1219,-307.3965,467.4002,-386.843,1,1
SL_S08: 1088.211,-196.5047,878.5833,-261.2845,1,0
SL_C07: 1322.124,-209.3963,1045.4,-425.843,1,1
SL_A03: -462.8763,-309.3965,-519.5995,-888.8428,0,1
SL_C06: -791.8766,-311.3965,-890.5997,-880.8428,0,1
SL_S04: -758.8004,-240.7487,-753.9806,-769.4292,0,0
SL_A06: -1114.875,-314.3965,-1034.599,-877.8428,0,1
SL_D05: -1498.876,-316.3965,-1496.6,-872.8428,0,1
SL_S11: 890.6714,-60.16639,748.0125,-247.4275,2,0
SL_COAST01: 1274.4,69.81667,1165.25,-307.7833,2,1
OffScreenDen_SL: -1124.875,-66.39636,-1233.6,-148.843,1,1
Connection: GATE_SB_SL,SL_D05,36,5,5,31,3,2
Connection: GATE_SH_SL,SL_C11,45,11,5,100,0,2
Connection: GATE_SH_SL,SL_S02,36,5,17,17,3,2
Connection: GATE_GW_SL,SL_A08,36,5,9,32,3,1
Connection: SL_A08,SL_S07,4,18,29,18,2,0
Connection: SL_A08,SL_C12,47,15,2,17,0,2
Connection: SL_C12,SL_F01,143,17,6,58,0,2
Connection: SL_B02,SL_A02,12,30,35,28,3,3
Connection: SL_B02,SL_C11,104,32,5,39,3,2
Connection: SL_B02,SL_A14,31,13,23,33,3,1
Connection: SL_A14,SL_A17,2,4,44,4,2,0
Connection: SL_A14,SL_E03,40,4,5,4,0,2
Connection: SL_E03,SL_H03,230,30,57,8,1,3
Connection: SL_E03,SL_COAST01,256,4,8,17,0,2
Connection: SL_E03,SL_S11,173,9,22,17,3,1
Connection: SL_A02,SL_C01,10,28,40,76,3,0
Connection: SL_A02,SL_A17,7,10,8,27,3,1
Connection: SL_C01,SL_B01,9,53,42,16,3,3
Connection: SL_C01,SL_A13,24,21,16,33,3,1
Connection: SL_A13,SL_A04,16,2,28,31,3,1
Connection: SL_B01,SL_D06,3,29,194,14,3,3
Connection: SL_F01,SL_C08,189,62,27,112,3,1
Connection: SL_F01,SL_C02,171,22,14,9,3,3
Connection: SL_C02,SL_D06,55,18,24,22,3,3
Connection: SL_C02,SL_C10,102,15,30,112,3,1
Connection: SL_C02,SL_F02,164,7,3,57,3,3
Connection: SL_C10,SL_A10,49,30,3,18,0,2
Connection: SL_A10,SL_D02,44,18,4,63,0,2
Connection: SL_F02,SL_S05,64,64,9,19,3,2
Connection: SL_F02,SL_D06,62,64,113,31,3,3
Connection: SL_F02,SL_D04,127,49,24,62,3,3
Connection: SL_D04,SL_A12,34,63,10,31,3,1
Connection: SL_D04,SL_H02,70,61,31,66,3,3
Connection: SL_A12,SL_A04,27,3,21,31,3,1
Connection: SL_H02,SL_H03,180,51,38,11,3,3
Connection: SL_H03,SL_C09,425,23,4,17,0,2
Connection: SL_H03,SL_C07,143,31,20,112,3,1
Connection: SL_C09,SL_A16,151,32,43,3,1,3
Connection: SL_A16,SL_S10,4,26,30,26,2,0
Connection: SL_A16,SL_I01,43,13,4,62,0,2
Connection: SL_I01,SL_A15,144,66,3,21,0,2
Connection: SL_A15,SL_S06,43,32,31,20,1,0
Connection: SL_A15,SL_AI,44,3,2,30,0,1
Connection: SL_C08,SL_C05,42,42,6,31,0,2
Connection: SL_C05,SL_S09,155,31,13,31,0,2
Connection: SL_C05,SL_C04,159,20,4,28,0,2
Connection: SL_C04,SL_D01,26,112,12,58,1,3
Connection: SL_D01,SL_D02,82,63,23,145,3,1
Connection: SL_D02,SL_D03,49,63,2,60,0,2
Connection: SL_D03,SL_A04,51,72,9,10,0,0
Connection: SL_D03,SL_A03,8,72,44,27,2,0
Connection: SL_D03,SL_A07,92,70,11,18,0,2
Connection: SL_A07,SL_E01,39,23,4,86,0,2
Connection: SL_A04,SL_S03,4,29,23,12,2,3
Connection: SL_A04,SL_A11,35,31,4,5,1,3
Connection: SL_E01,SL_B04,21,204,23,98,1,3
Connection: SL_E01,SL_C03,11,165,23,100,2,3
Connection: SL_E01,SL_A05,45,66,4,13,0,2
Connection: SL_B04,SL_C03,33,62,42,114,3,3
Connection: SL_C03,SL_A11,16,23,31,32,3,1
Connection: SL_A05,SL_E02,42,29,7,30,0,2
Connection: SL_E02,SL_S08,240,32,35,10,1,3
Connection: SL_E02,SL_C07,248,18,1,28,0,2
Connection: SL_A03,SL_C06,3,30,141,27,2,0
Connection: SL_C06,SL_S04,92,30,24,13,0,3
Connection: SL_C06,SL_A06,2,15,45,17,2,0
Connection: SL_A06,SL_D05,2,17,201,16,2,0
