GATE_DS_SB: -1138.887,-340.589,-1078.804,-373.3461,0,0
GATE_SU_DS: -1115.886,183.0264,-967.0858,353.5513,1,0
GATE_DS_GW: 1485.113,-68.58879,1466.197,-253.3463,2,0
GATE_DS_DC: 1468.408,295.8367,1104,442.7755,1,0
DS_S03: -1065.553,-422.109,-1031.409,-486.5459,0,0
DS_B02: -894.4656,89.13866,-903.7059,194.9854,1,1
DS_A22: -666.4656,86.13866,-675.7059,194.9854,1,1
DS_A06: -508.4651,85.13866,-544.7059,193.9854,1,1
DS_A02: -339.4651,86.13866,-390.7057,188.9854,1,1
DS_A01: -555.4653,-26.86133,-554.7057,43.98507,1,1
DS_A20: -272.4654,-5.861349,-388.7057,41.98519,1,1
DS_S01r: -370.7155,-5.271712,-388.8039,-93.63908,1,0
DS_B03: -174.465,22.13869,-226.7057,103.9853,1,1
DS_A15: -622.4653,189.1387,-661.7059,348.9856,2,1
DS_A23: -482.4651,187.1387,-539.7059,348.9856,2,1
DS_A09: -332.4651,189.1387,-384.7057,342.9856,2,1
DS_A19: -264.4651,296.1386,-240.7058,484.9856,2,1
DS_B04: -64.46517,191.1389,-90.70557,336.9856,2,1
DS_A08: 162.5349,189.1389,163.2943,332.9856,2,1
DS_S04: 259.5851,90.1415,237.2002,205.5228,2,0
DS_B07: 390.5349,192.1389,300.2943,327.9856,2,1
DS_A16: -35.46514,-12.8613,-85.70552,97.98538,1,1
DS_A07: 119.5348,-10.86128,50.29425,95.98538,1,1
DS_A17: 387.5347,-11.86129,223.2942,91.98528,1,1
DS_A24: 474.5345,92.1387,421.2942,94.98538,1,1
DS_A11: 618.5347,97.13863,548.2941,93.98538,1,1
DS_C04: 617.5344,69.1386,754.2941,-62.01486,2,1
DS_A14: -71.46513,-155.8613,-31.70566,-130.0147,2,1
DS_B01: 152.5349,-154.8613,128.2945,-127.0147,2,1
DS_A25: 375.5349,-157.8613,399.2943,-136.0148,2,1
DS_B08: 480.5349,-96.86124,571.2941,-129.0148,2,1
DS_C01: 745.5344,-51.86126,878.2941,-417.0144,2,1
DS_S02l: 842.2841,-84.27174,1041.197,-94.63908,2,0
DS_A21: 898.5336,49.13876,1058.296,-238.0147,2,1
DS_C03: 1041.533,-178.8613,1033.296,-387.0144,2,1
DS_B10: 1257.406,-85.85901,1224.694,-265.3222,2,1
DS_D01: 335.5347,-238.1246,377.8469,-381.5145,1,1
DS_A05: -49.46501,-218.8613,154.2943,-389.0144,1,1
DS_D03: -426.4651,-239.8613,-286.7057,-380.0144,1,1
DS_A27: -679.4656,-137.8613,-664.7059,-279.0144,0,1
DS_C02: -827.4656,-23.86122,-794.7059,-246.0147,0,1
DS_D02: -973.4656,-185.8613,-930.7059,-387.0144,0,1
DS_A26: -673.4656,-14.86123,-652.7059,-140.0148,0,1
DS_B06: -528.465,-78.86129,-524.7058,-230.0147,0,1
DS_A13: -380.4651,-133.8613,-396.7057,-222.0147,0,1
DS_A10: -235.4651,-132.8613,-267.7057,-224.0147,0,1
DS_COAST01: 802.1229,213.9019,617.8679,322.8518,1,1
DS_COAST02: 1219.804,184.7742,860.2083,299.1922,1,1
OffScreenDen_DS: -385.4651,198.1387,91.29454,485.9856,1,1
Connection: GATE_DS_SB,DS_D02,45,9,3,16,0,2
Connection: GATE_DS_SB,DS_S03,36,5,19,18,3,2
Connection: GATE_SU_DS,DS_B02,36,5,4,23,3,2
Connection: GATE_DS_GW,DS_B10,2,11,97,17,2,0
Connection: GATE_DS_DC,DS_COAST02,11,5,133,23,3,1
Connection: DS_B02,DS_A22,96,21,4,21,0,2
Connection: DS_A22,DS_A15,24,28,10,6,1,3
Connection: DS_A22,DS_A06,43,21,4,21,0,2
Connection: DS_A06,DS_A02,49,21,5,21,0,2
Connection: DS_A06,DS_A01,33,12,48,32,3,1
Connection: DS_A02,DS_B03,48,21,5,62,0,2
Connection: DS_A20,DS_S01r,7,18,29,18,2,0
Connection: DS_A20,DS_B03,33,3,17,14,3,3
Connection: DS_B03,DS_A16,48,60,5,32,0,1
Connection: DS_B03,DS_A14,36,5,11,32,3,1
Connection: DS_B03,DS_A10,26,8,43,31,3,1
Connection: DS_A15,DS_A23,44,19,2,20,0,2
Connection: DS_A23,DS_A09,45,29,4,30,0,2
Connection: DS_A09,DS_A19,34,35,11,4,1,3
Connection: DS_A19,DS_B04,50,15,9,28,0,1
Connection: DS_B04,DS_A08,104,14,5,16,0,2
Connection: DS_A08,DS_B07,41,34,4,31,0,2
Connection: DS_A08,DS_S04,45,6,15,23,3,2
Connection: DS_B07,DS_C04,104,31,2,113,0,2
Connection: DS_B07,DS_A24,90,5,31,32,3,1
Connection: DS_A16,DS_A07,41,24,4,25,3,2
Connection: DS_A07,DS_A17,31,3,16,3,3,3
Connection: DS_A17,DS_A24,33,32,4,2,1,3
Connection: DS_A24,DS_A11,45,15,4,13,0,2
Connection: DS_A11,DS_COAST01,43,30,7,3,1,3
Connection: DS_C04,DS_C01,45,17,13,57,0,3
Connection: DS_C04,DS_B08,2,11,45,45,2,0
Connection: DS_A14,DS_B01,48,32,13,29,0,1
Connection: DS_B01,DS_A25,96,23,4,25,0,2
Connection: DS_B01,DS_D01,53,2,64,18,3,1
Connection: DS_A25,DS_B08,43,3,16,5,3,3
Connection: DS_C01,DS_A21,49,101,4,24,0,2
Connection: DS_C01,DS_S02l,40,57,18,18,3,2
Connection: DS_C01,DS_D01,5,24,197,12,2,0
Connection: DS_C01,DS_C03,42,15,4,12,3,2
Connection: DS_C03,DS_B10,141,25,45,9,0,3
Connection: DS_D01,DS_A05,3,6,48,8,2,0
Connection: DS_A05,DS_D03,5,8,197,7,2,0
Connection: DS_D03,DS_A27,34,20,42,3,1,3
Connection: DS_A27,DS_C02,2,10,49,14,2,0
Connection: DS_C02,DS_A26,48,59,2,13,0,2
Connection: DS_C02,DS_D02,4,52,44,122,2,0
Connection: DS_A26,DS_B06,42,31,2,74,0,2
Connection: DS_B06,DS_A13,45,36,2,32,0,2
Connection: DS_A13,DS_A10,45,32,2,32,0,2
Connection: DS_COAST01,DS_COAST02,98,14,3,27,0,2
